256 0.001000
256 0.001000
256 0.003000
256 0.003000
256 0.002000
256 0.002000
256 0.002000
256 0.003000
256 0.001000
256 0.003000
512 0.014000
512 0.014000
512 0.014000
512 0.014000
512 0.014000
512 0.014000
512 0.013000
512 0.014000
512 0.014000
512 0.014000
1024 0.111000
1024 0.112000
1024 0.113000
1024 0.112000
1024 0.111000
1024 0.111000
1024 0.112000
1024 0.112000
1024 0.112000
1024 0.112000
2048 1.005000
2048 0.998000
2048 0.984000
2048 1.014000
2048 0.997000
2048 1.028000
2048 1.034000
2048 1.001000
2048 0.954000
2048 1.074000
4096 8.532000
4096 8.653000
4096 8.405000
4096 8.683000
4096 8.359000
4096 8.426000
4096 8.787000
4096 8.582000
4096 8.386000
4096 8.498000
8192 71.092000
8192 69.513000
8192 72.119000
8192 73.088000
8192 70.619000
8192 69.150000
8192 69.003000
8192 68.730000
8192 69.463000
8192 70.017000
