32 0.000000
32 0.000000
32 0.000000
32 0.000000
32 0.000000
32 0.000000
32 0.000000
32 0.000000
32 0.000000
32 0.000000
64 0.000000
64 0.000000
64 0.001000
64 0.002000
64 0.002000
64 0.002000
64 0.001000
64 0.000000
64 0.001000
64 0.000000
128 0.008000
128 0.007000
128 0.007000
128 0.008000
128 0.007000
128 0.008000
128 0.008000
128 0.007000
128 0.009000
128 0.007000
256 0.064000
256 0.064000
256 0.062000
256 0.066000
256 0.064000
256 0.066000
256 0.063000
256 0.065000
256 0.065000
256 0.064000
512 0.520000
512 0.514000
512 0.514000
512 0.514000
512 0.512000
512 0.515000
512 0.514000
512 0.518000
512 0.518000
512 0.513000
1024 11.811000
1024 12.000000
1024 12.300000
1024 11.900000
1024 12.012000
1024 12.029000
1024 12.067000
1024 12.159000
1024 12.082000
1024 12.400000
2048 138.675000
2048 138.245000
2048 139.758000
2048 138.031000
2048 143.253000
2048 137.325000
2048 137.331000
2048 140.180000
2048 138.440000
2048 137.375000
4096 1283.852000
4096 1223.382000
4096 1264.741000
4096 1280.222000
4096 1246.985000
4096 1241.432000
4096 1229.926000
4096 1232.764000
4096 1251.963000
4096 1223.564000
8192 20490.846000
8192 20602.173000
8192 20517.623000
8192 20488.197000
8192 20571.424000
