256 0.021000
256 0.022000
256 0.021000
256 0.021000
256 0.022000
256 0.023000
256 0.021000
256 0.021000
256 0.021000
256 0.021000
512 0.177000
512 0.171000
512 0.173000
512 0.171000
512 0.174000
512 0.170000
512 0.172000
512 0.173000
512 0.173000
512 0.172000
1024 3.753000
1024 3.815000
1024 3.715000
1024 3.774000
1024 3.734000
1024 3.744000
1024 3.734000
1024 3.751000
1024 3.742000
1024 3.896000
2048 41.171000
2048 41.641000
2048 42.223000
2048 41.584000
2048 41.508000
2048 41.649000
2048 41.340000
2048 41.082000
2048 41.311000
2048 41.670000
4096 368.713000
4096 372.576000
4096 372.787000
4096 375.061000
4096 375.161000
4096 368.103000
4096 369.794000
4096 369.338000
4096 370.833000
4096 375.206000
8192 5291.940000
8192 5313.719000
8192 5417.620000
8192 5385.235000
8192 5408.489000
8192 5287.410000
8192 5305.639000
8192 5295.957000
8192 5413.310000
8192 5352.640000
