32 0.024997
32 0.025998
32 0.025002
32 0.024996
32 0.024997
32 0.024995
32 0.024997
32 0.024000
32 0.024997
32 0.026003
64 0.195999
64 0.198004
64 0.196996
64 0.194996
64 0.195996
64 0.195246
64 0.196001
64 0.202005
64 0.195256
64 0.195996
128 1.571219
128 1.553446
128 1.560251
128 1.576164
128 1.562509
128 1.556176
128 1.544420
128 1.551669
128 1.546778
128 1.560296
256 12.399914
256 12.341525
256 12.546824
256 12.356178
256 12.509461
256 12.428630
256 12.301315
256 12.401030
256 12.464358
256 12.422094
512 100.904055
512 101.196505
512 101.105605
512 101.141849
512 101.315853
512 100.903371
512 100.933217
512 100.674333
512 100.971557
512 101.145510
1024 838.475663
1024 832.079001
1024 834.610948
1024 830.168556
1024 844.657976
1024 842.600521
1024 828.082696
1024 836.452963
1024 840.743931
1024 831.957724
2048 7173.475126
2048 7185.317829
2048 7191.527461
2048 7188.768628
2048 7179.679257
4096 57716.642549
