256 0.002000
256 0.004000
256 0.002000
256 0.003000
256 0.001000
256 0.002000
256 0.003000
256 0.002000
256 0.004000
256 0.002000
512 0.014000
512 0.013000
512 0.011000
512 0.012000
512 0.012000
512 0.015000
512 0.012000
512 0.013000
512 0.013000
512 0.011000
1024 0.100000
1024 0.106000
1024 0.098000
1024 0.110000
1024 0.098000
1024 0.102000
1024 0.132000
1024 0.108000
1024 0.102000
1024 0.104000
2048 1.033000
2048 1.007000
2048 1.000000
2048 0.911000
2048 0.993000
2048 0.883000
2048 1.021000
2048 0.903000
2048 0.979000
2048 0.997000
4096 8.132000
4096 7.609000
4096 8.172000
4096 7.716000
4096 7.604000
4096 7.807000
4096 8.110000
4096 7.954000
4096 8.311000
4096 8.069000
8192 63.747000
8192 62.623000
8192 61.565000
8192 62.682000
8192 62.852000
8192 63.687000
8192 63.752000
8192 62.997000
8192 64.312000
8192 63.529000
