256 0.002000
256 0.003000
256 0.003000
256 0.002000
256 0.002000
256 0.002000
256 0.001000
256 0.002000
256 0.001000
256 0.003000
512 0.014000
512 0.014000
512 0.014000
512 0.015000
512 0.015000
512 0.014000
512 0.015000
512 0.015000
512 0.014000
512 0.013000
1024 0.112000
1024 0.111000
1024 0.111000
1024 0.114000
1024 0.111000
1024 0.111000
1024 0.112000
1024 0.111000
1024 0.116000
1024 0.113000
2048 1.070000
2048 1.001000
2048 1.012000
2048 1.037000
2048 1.011000
2048 1.012000
2048 1.044000
2048 1.048000
2048 0.912000
2048 1.020000
4096 8.591000
4096 8.706000
4096 8.611000
4096 8.479000
4096 8.648000
4096 8.632000
4096 8.653000
4096 8.681000
4096 8.677000
4096 8.378000
8192 69.744000
8192 69.211000
8192 69.400000
8192 69.532000
8192 70.174000
8192 69.560000
8192 67.618000
8192 68.639000
8192 68.413000
8192 69.896000
